0.0160213
0.4
0.083675
0.019274
0.0179243
0.0091276
0.0090448
0.008738
0.0089117
0.0087589
0.0087719
0.0087736
0.0088606
0.0088935
0.0089775
0.0088559
0.0088032
0.0085644
0.0088231
0.0087818
0.0089448
0.0086278
0.0086771
0.0092118
0.0083963
0.0087122
0.0086214
0.0088145
0.008841
0.0087458
0.0087089
0.0087706
0.0088298
0.008802
0.0087913
0.0087032
0.0087227
0.0087931
0.0087758
0.0087436
0.0086727
0.0087442
0.0087838
0.0086669
0.008637
0.0086461
0.0087135
0.008706
0.0086072
0.0087567
0.0087024
0.0087545
0.0087337
0.0086437
0.0086968
0.0088611
0.0087463
0.0087959
0.0087958
0.0087241
0.0087517
0.0087344
0.0088479
0.0088111
0.0086384
0.0088183
0.0089189
0.0420167
0.0083335
0.0083335
0.0083342
0.0083335
0.0083346
0.0083344
0.0083345
0.0083343
0.0083346
0.0083341
0.0083337
0.0083338
0.0083337
0.0083339
0.0083343
0.0083347
0.0083346
0.008334
0.0083343
0.0083347
0.0083448
0.0087349
0.0087469
0.0087082
0.00856
0.0087291
0.008797
0.0087184
0.0087879
0.0086712
0.0087941
0.0088721
0.0087158
0.0086226
0.0087839
0.0088805
0.0088321
0.0087584
0.0087165
0.0087532
0.0088406
0.0088407
0.0088382
0.008779
0.0086045
0.008818
0.0087432
0.0087298
0.0085683
0.0087524
0.008729
0.0086731
0.008703
0.0088135
0.0088903
0.0087953
0.0086264
0.0087733
0.0087018
0.0087731
0.008784
0.0087726
0.0087888
0.0086457
0.0087517
0.0088293
0.0087831
0.0086424
0.0086566
0.0087035
0.0088556
0.00881
0.0088368
0.0087298
0.0086043
0.0087652
0.0088094
0.0086934
0.0086395
0.0088038
0.0087554
0.0087059
0.0086482
0.0087156
0.0086975
0.0089494
0.0085916
0.0087731
0.0087713
0.0087495
0.0086335
0.0087296
0.0086196
0.0087121
0.0086067
0.0086815
0.0087662
0.0087428
0.0086262
0.0087585
0.0087997
0.008747
0.0085981
0.0085831
0.0086778
0.008715
0.0086871
0.0087445
0.0087939
0.0086886
0.0088336
0.0086926
0.0087801
0.008713
0.0087222
0.0088319
0.0088299
0.0086793
0.0086247
0.0088044
0.0086827
0.0087857
0.0086217
0.0087448
0.0086427
0.0085505
0.0086852
0.0087943
0.0086775
0.0086672
0.0087469
0.0086819
0.0086123
0.0086059
0.0087634
0.0088613
0.0086245
0.0087145
0.0087995
0.0086802
0.008613
0.0087735
0.0086985
0.0086695
0.0086296
0.0087442
0.0086502
0.0087502
0.008822
0.0086709
0.0086644
0.0086671
0.0087531
0.0086145
0.0086664
0.008731
0.0086448
0.0085966
0.0087645
0.0086999
0.0086792
0.0086204
0.0087633
0.0087866
0.008846
0.0086445
0.0087179
0.0087727
0.0087867
0.0086227
0.0086849
0.0087397
0.008857
0.0085805
0.0086909
0.0087643
0.0088943
0.0086639
0.0087366
0.0087638
0.0087042
0.0086443
0.0087407
0.0087437
0.0085946
0.0086849
0.0087927
0.0087894
0.0086228
0.0087063
0.0087997
0.0086631
0.0085638
0.0087236
0.0086867
0.0087067
0.0087032
0.0087479
0.0087139
0.008712
0.0086998
0.0086968
0.0087552
0.0086532
0.0086788
0.0087013
0.0086411
0.0086568
0.0086807
0.0086732
0.0086613
0.0086736
0.0085644
0.0086603
0.0087502
0.0086744
0.0086238
0.0086898
0.0087087
0.0086636
0.0086658
0.0087075
0.0086504
0.0086973
0.008708
0.0086237
0.0087612
0.0087002
0.0085604
0.0087089
0.0087929
0.0086368
0.0086086
0.008748
0.0087946
0.0086556
0.0086296
0.0087396
0.0088571
0.0087542
0.0086147
0.0087121
0.0087398
0.0086842
0.008704
0.0087161
0.0086468
0.008683
0.0087373
0.0086994
0.0086652
0.0086924
0.0086858
0.0087389
0.0087597
0.0087534
0.0085969
0.008725
0.0087509
0.0087497
0.008617
0.0086867
0.0087276
0.00885
0.0086369
0.0087087
0.0087976
0.008858
0.00861
0.008718
0.0087395
0.008831
0.0085913
0.0087313
0.0087994
0.0086934
0.0087396
0.0087827
0.0088736
0.0086213
0.0087693
0.008718
0.008664
0.0086682
0.0087402
0.0087485
0.0086903
0.008722
0.0087768
0.0088082
0.0088285
0.0085957
0.0087681
0.008711
0.0087936
0.0085476
0.0087432
0.0088055
0.0087206
0.0086274
0.0087354
0.0086644
0.0087095
0.0087111
0.008699
0.0087147
0.0087365
0.0087177
0.0087934
0.0086533
0.0087536
0.008787
0.0088094
0.0086227
0.0087142
0.0087626
0.0087896
0.0086235
0.0086205
0.0087233
0.0086819
0.0086923
0.0086308
0.0087363
0.0087773
0.008669
0.0086898
0.0086909
0.0086511
0.0087663
0.0086999
0.0086798
0.0086308
0.0088
0.0087432
0.0086852
0.0087115
0.0086413
0.0085697
0.0087399
0.0087374
0.0086405
0.0087517
0.0086879
0.0087789
0.008673
0.0086889
0.0086909
0.0088025
0.0086309
0.0086847
0.0087251
0.008586
0.0087085
0.0087548
0.0087046
0.0086948
0.0086514
0.0087237
0.0087761
0.0087197
0.0087059
0.0086642
0.0087162
0.0088062
0.0088525
0.0085795
0.0087529
0.0087355
0.0086352
0.0087263
0.0087166
0.0088496
0.0086289
0.0088399
0.0087642
0.0087601
0.0088381
0.0086445
0.0087837
0.0088002
0.0086998
0.0088389
0.0086098
0.0086853
0.0087496
0.0086381
0.0087755
0.0086649
0.00865
0.0086795
0.0087519
0.0086474
0.0086138
0.0087403
0.0086563
0.0086681
0.0086941
0.0087428
0.0086916
0.0087077
0.0086685
0.0088102
0.0088036
0.0086384
0.0087183
0.0087172
0.0088399
0.0088035
0.0086053
0.0087443
0.0087315
0.0086328
0.0086912
0.008738
0.0086704
0.0087085
0.008722
0.0086884
0.0086336
0.0087653
0.0087418
0.0087225
0.0086261
0.0087715
0.0086641
0.0085749
0.0087149
0.0087423
0.0087391
0.0086285
0.0087697
0.0086881
0.0088999
0.0086573
0.0087594
0.0088173
0.008817
0.0087516
0.0086972
0.0086014
0.0086646
0.0087565
0.008737
0.0086999
0.0086892
0.0086874
0.0087238
0.0085749
0.0086189
0.0087779
0.0087521
0.0087138
0.0086051
0.0088242
0.008685
0.0086027
0.0086529
0.0087984
0.0086322
0.0085851
0.0087214
0.008703
0.0086634
0.0087633
0.0086104
0.0087761
0.0086376
0.0087745
0.0086474
0.0087076
0.0087324
0.0085805
0.0087084
0.0087772
0.008654
0.0086126
0.0087148
0.0087618
0.0086987
0.0087417
0.0087409
0.0087558
0.0087459
0.008637
0.0087415
0.0087998
0.008738
0.0086272
0.0086997
0.0086949
0.0085961
0.008758
0.0087572
0.0087964
0.0086269
0.0086846
0.0087093
0.0086367
0.0087728
0.0086772
0.0087135
0.0086885
0.00875
0.0086941
0.008594
0.0087518
0.0087986
0.008592
0.0087241
0.0087345
0.0087388
0.0086315
0.0086966
0.0087896
0.0087693
0.0085869
0.008682
0.0086667
0.0086862
0.008623
0.00872
0.008801
0.0086969
0.0086245
0.0086867
0.0088224
0.0087632
0.0085807
0.0088106
0.0087807
0.0085922
0.0086963
0.0086841
0.0087056
0.0086464
0.0086736
0.0088138
0.0087121
0.0087021
0.00875
0.0086916
0.0086755
0.0087416
0.0086972
0.0086306
0.0086678
0.0087045
0.0088039
0.0086413
0.0086294
0.008725
0.0086059
0.0087266
0.008704
0.0086026
0.0086563
0.0086907
0.0086974
0.0085979
0.008665
0.0087572
0.0086123
0.0086384
0.0087006
0.0087481
0.0086673
0.0086781
0.0087508
0.0086801
0.0087154
0.0086926
0.0086941
0.0085857
0.0087479
0.0087178
0.0086563
0.0087788
0.0087033
0.0085941
0.0086329
0.0087877
0.0086166
0.0086045
0.0085751
0.0088033
0.0086502
0.0087039
0.00878
0.0088068
0.0086681
0.0087331
0.0087595
0.0087971
0.0087031
0.0086618
0.0087489
0.0086613
0.0086799
0.0086958
0.0087571
0.0088664
0.0086519
0.0087135
0.008724
0.0088199
0.0086235
0.0087394
0.0086699
0.0086517
0.0086179
0.0087263
0.0087901
0.0085964
0.0087986
0.0087547
0.0087139
0.008735
0.0087495
0.008849
0.0088136
0.0087788
0.00861
0.0087231
0.008767
0.0087545
0.0086417
0.0086346
0.0088099
0.0087427
0.0085771
0.0086679
0.0088211
0.008632
0.0087258
0.0087283
0.0088068
0.0086523
0.0086625
0.0087011
0.0087768
0.0086167
0.0087283
0.0087059
0.0086397
0.0086888
0.0086987
0.0086653
0.0087215
0.0087368
0.0087277
0.0085819
0.0087413
0.0088327
0.0087179
0.0086609
0.0087834
0.0087551
0.0087447
0.0086235
0.0087677
0.0087602
0.00874
0.0086409
0.0086452
0.0087795
0.008709
0.0085569
0.0087498
0.0087886
0.0087798
0.0086282
0.0087281
0.0088195
0.0087742
0.0087063
0.0087044
0.0087383
0.008735
0.0087068
0.0087199
0.0087406
0.008605
0.0087531
0.0088028
0.0087192
0.0086257
0.0087336
0.0087153
0.0086492
0.0086477
0.0087591
0.0086671
0.0086088
0.0086596
0.0087543
0.0086556
0.0087165
0.0086566
0.0087426
0.0086756
0.0086864
0.0087425
0.0086681
0.0087098
0.0085732
0.0087347
0.0087085
0.008695
0.0086404
0.0087096
0.0087086
0.0087337
0.008692
0.008691
0.0087951
0.0086453
0.0085791
0.0087394
0.0087536
0.0086807
0.0085854
0.0087237
0.0086788
0.0086552
0.0086881
0.0087726
0.0087313
0.0087053
0.008726
0.0086853
0.0087218
0.0087743
0.00876
0.0085879
0.0088148
0.0087587
0.0087333
0.0086486
0.0087532
0.0087675
0.0087473
0.0086211
0.0087749
0.0088367
0.0086736
0.0086064
0.0087686
0.0087973
0.0088198
0.0086668
0.0087346
0.0086881
0.0088271
0.0089075
0.0087399
0.0086851
0.0087788
0.0087445
0.008661
0.0087366
0.008702
0.0088295
0.0088068
0.0085602
0.0087226
0.0088325
0.0088102
0.0085266
0.0086936
0.0086156
0.0086905
0.0086686
0.0086505
0.0085755
0.0087352
0.0086535
0.0086236
0.0087001
0.0087292
0.00875
0.0086686
0.0087493
0.0087182
0.0085488
0.0086994
0.008773
0.0087752
0.0085867
0.0087522
0.0087365
0.0087138
0.0086312
0.0086868
0.0086955
0.0086578
0.0086654
0.0087041
0.0088843
0.0086694
0.0087093
0.0087463
0.008634
0.0087355
0.008774
0.0087157
0.0087489
0.0086693
0.0088487
0.0087649
0.0087745
0.0085477
0.0087734
0.0087618
0.0087911
0.0085379
0.0087374
0.0088207
0.0086649
0.0086583
0.0087468
0.008696
0.008641
0.0086902
0.0086479
0.0086718
0.008723
0.0085212
0.0086233
0.008818
0.0087563
0.0086904
0.0086052
0.0087597
0.0086794
0.008597
0.0087141
0.0087863
0.0087033
0.0086668
0.0087021
0.0087688
0.008671
0.0086763
0.0086705
0.0087536
0.0086485
0.0087177
0.0086604
0.0087415
0.0085973
0.008727
0.0087436
0.0087464
0.0086882
0.0087446
0.0087618
0.0086843
0.0086436
0.0086897
0.0087721
0.0086907
0.0087653
0.0087259
0.0087622
0.0086264
0.0087387
0.0086961
0.0086078
0.0087458
0.0087796
0.0086906
0.0086914
0.0086663
0.0087412
0.0087437
0.0085978
0.0087204
0.0087826
0.0085303
0.0087329
0.0086675
0.0086783
0.008731
0.0087412
0.0088003
0.008695
0.0087399
0.0086898
0.0087392
0.008762
0.0088923
0.0087389
0.0087026
0.0087038
0.0087382
0.0087678
0.0087003
0.0087477
0.0087513
0.0088003
0.0087191
0.0086846
0.0087685
0.0087176
0.0087642
0.0086813
0.0086978
0.0087896
0.0086582
0.0087424
0.008729
0.0087263
0.0087395
0.0086965
0.0086817
0.0086927
0.0086429
0.0087369
0.0086263
0.0086981
0.0087648
0.0087101
0.0087348
0.0086242
0.008771
0.0088339
0.0087859
0.008674
0.008736
0.0088235
0.0087652
